0,17.94936575910817,13.89604894300034,8.223479202737776,12.81594610579464,12.25679226140969,12.13216891934756,14.91745428341086,7.856726726272562,11.16410995471786,8.343855810033096,21.10987744802644,2.863095849284166,10.20576609698838,11.09791547224868,18.77857282481167,7.108609453602059,18.50979985175837,21.74443772032999,9.173068876213906,10.21966228260808,7.324591260036957,10.91688935075364,15.86418398829059,18.18433432897901,11.22279573805524,23.46495695972013,20.25051200523649,7.607831015456004,7.80472920745269,14.43553132081423,2.842905972745816,7.093488847175463,18.15336239804142,15.51923776308713,17.79142454001672,11.62671571662414,24.41213503615202,16.12604253802068,17.43249292315604,18.31367509880697,8.971210775718308,3.61675090663554,20.35517535104082,9.229904827236183,13.35868159349975,3.732672627919413,15.18896653278427,14.85644597650254,8.605700561393562,15.06284716918549,10.32943600330901,24.69630325452942,4.577935482075616,6.848886620022427,25.42699399161231,22.39865813335129,21.18245655730916,19.96547692484991,14.07587832262362,5.144376109972227,17.30877835952925,13.71679175271966,16.11852581119256,15.79604444497704,13.06595008941683,23.25260339151592,3.76306638178717,2.012383447486469,4.829854133042755,17.83863002471544,5.390340906654973,13.5407699168588,20.83311385184588,13.17593772099675,12.49359266092898,11.19688118159401,10.37706265709333,12.68534657641501,20.3537437647326,8.529381054008047,21.06978805649853,20.39061971833809,6.061103519629469,9.687293852575628,12.74784683155886,17.7624489406387,4.84262179680084,22.73933924764237,13.70637592379675,21.21612248065469,7.002361018434936,14.47737701780457,16.84416521849722,7.733232020751347,11.33965490783955,11.38189918940064,14.10464832149308,22.35744048282914,16.89047110491926,10.42115383089405
17.94936575910817,0,14.88476888777464,25.58593554901126,8.496983431244464,15.76702440710994,20.9996599489447,11.05229386638354,14.67569468127212,23.28045465264651,21.80037917565738,3.850794412595452,15.14323251502271,25.56758830497956,10.96654369250852,4.713009153720371,24.97176084472862,15.13821609113693,14.09131042817273,26.66122384230831,10.24955725469656,23.55004526258971,7.401405897959463,17.55529286905585,7.712577413483173,19.11683346890384,12.96668993701759,9.329882958035114,15.85974881151944,10.64994996545034,4.571420270835933,19.03378899612342,19.67014652839586,12.39164837028723,2.854100552252418,13.43245560721896,16.78274946533257,16.15578277750647,4.961643156841781,9.924793224184963,10.99117580652875,13.63099951803165,21.04680321521318,2.764684700075986,19.98498603695221,5.634558893193466,16.14149782559163,12.26100892488344,6.551076572280469,9.416772965532038,21.03949738077942,25.44043025902238,13.46665976499361,15.40838733616088,12.03981595815649,11.91792410062105,11.09656841252934,8.556494214283227,4.778582780411003,25.43464139637417,13.1098431790477,27.47381356060082,7.963472403158087,24.36818264952692,18.391019457529,27.03389248989318,7.554901354204855,21.32365118436223,18.59587839565046,20.56936955827652,17.24259461839685,18.80337141632186,19.40448558513977,13.62549534915083,28.54229556915167,25.69956011229838,6.839573682253626,13.44181094185328,12.23667344545947,11.26090351970915,17.6785695231972,16.20422069543385,7.16986672239005,21.79146530176066,21.82391933657257,24.04382831297297,8.020739950347162,22.79030619525024,10.6160420034385,22.56701298037783,5.06011558769933,12.78204115977982,15.0080062216462,2.579851601059779,22.26675026009447,14.17336181645128,28.06580936349854,18.58439652076602,4.411628526547229,20.18732071604946,9.041307878394713
13.89604894300034,14.88476888777464,0,17.31554860153175,17.14086251490923,21.87149446797179,24.48072751719497,4.141939807007352,17.87523222102275,10.83977538480855,10.98867237191066,15.55580369159764,11.9794468054076,24.09712970872118,4.894597952653715,18.81489433912906,19.67808979395933,4.812599841641322,26.63010995371538,22.23751552930024,16.17006387103311,21.18723083015956,13.27973246297516,2.907514144492206,9.110537496844158,5.884152331150857,26.67068777838341,22.77394876019631,6.449697676582127,13.3660585325868,15.09385595803274,12.45562932911186,20.22573814085764,5.714613174258312,12.23838657586723,24.06458913505988,3.358395054500408,29.19490524046738,10.08088119220997,6.773154126415122,22.83328868185944,5.073285069800387,17.33918401767419,17.54287210950413,8.208501453469259,9.739493015000434,15.55098981426891,21.68982631745846,17.38012258260945,10.42899280631997,6.303381635334353,14.55248200752776,12.87230789923968,9.334442125565799,8.636708547937422,14.85278825312007,11.3407578901769,11.5965818308074,13.09931772254397,11.95132569892419,13.13095769821989,13.17321938505973,6.939893727715423,9.81269184331034,25.68193708576683,26.92995290752791,15.16905588836986,14.84802747513274,15.79835538283762,18.67680915234869,26.33026772269641,10.10644169920006,24.71680806622319,8.029238166245454,27.03089107957653,13.25861306674504,10.79328549194983,18.98627573332149,19.90457943338172,8.80040643046193,20.31807330845882,27.58051009691623,21.32616777678113,12.94142773601934,22.99420970708422,26.04852802830048,20.5392358527267,17.29134898544799,24.73557330249609,8.527351934123132,19.91891929310574,15.35840312195128,22.92577879592929,15.94613296908924,21.52284855701971,2.586499163720259,24.926121706221,3.84514923860591,18.20853634867364,5.389423310271908,7.6381171181644
8.223479202737776,25.58593554901126,17.31554860153175,0,21.03928764844491,19.66025413111038,17.73288000102585,19.93079244381173,15.63332465971077,8.622295435234062,6.686748075421034,28.37993684272996,10.65675590829766,11.68288720419076,16.66660547592413,26.88290445275845,4.950127150861477,22.08427633680388,29.79129857579201,7.211291782019224,18.43861063689296,9.318191847922082,18.93996647580792,18.06978873269547,24.22983932719539,12.15483255592552,31.64294479290363,28.47268057965389,11.38201140091889,15.96127852224634,22.46025216432837,6.552147910997953,12.78599193939628,22.73488639076319,22.94400396106124,25.74038475239221,14.08479443268031,32.4195963573911,22.92085693862461,22.80821933656609,26.4664378163146,13.74920684617206,7.149453010577772,28.1435970191552,9.436147102984398,20.4554926385026,11.61963751727201,23.19977227480694,23.05233030490445,16.19280903742229,15.19643380952621,4.890253290315735,29.84340181280594,10.32298992775248,13.64519473954332,31.23422738500143,27.88388614258299,27.2365569039739,26.83518148744837,10.70958238713452,13.32528184062465,13.77238652198101,19.94016686960686,14.33417952406329,22.7530654302467,14.91233796997675,29.92282609481055,4.467541603566328,8.815058041454877,9.510488540409064,25.22516492047389,7.520356054176285,19.97163929325754,25.26383447810015,13.449445528348,8.116164737981594,18.74764973291121,18.26959175648551,20.69677608860478,25.51352783230416,15.29498468961214,28.85772385274414,28.58277913870611,4.408681957804407,14.3538302458344,16.80543736975412,25.98586608403234,4.549968724204314,30.96207303379265,12.49831272528891,29.24082667988441,15.18889696733137,22.0944233894503,24.77940907906368,11.48479028634586,15.29267161938926,10.30363844829074,15.57798582473032,29.97961946162393,17.86660674627047,17.1004413236808
12.81594610579464,8.496983431244464,17.14086251490923,21.03928764844491,0,7.27278900492598,12.57597221776979,14.74288648209159,6.88224699510812,21.70314218581189,19.413970736846,12.3445882454356,10.64426623600609,18.03618372765907,12.24733816772773,6.696848060404188,19.01424436400722,19.56318990768846,9.857896302284326,20.12911564553885,2.663622035585758,16.52010501920871,3.861164722234308,20.04137417181422,14.07217420386155,18.96224073627981,10.88354820523218,7.448812599871484,14.64165667937555,5.308925942522705,3.982716560477286,14.93404252438337,12.03492204493798,17.4379744789107,7.993507267325231,6.924612255302854,17.43891432908785,12.55411917640019,10.68506064995554,15.28318255292354,6.051984894144383,13.39042576513929,14.96802903591756,9.687852843007157,18.63430425494913,8.517040536515177,9.758128390430043,4.679293314447259,2.422847323550963,7.044410559664705,22.07851209329875,22.45955556554163,20.93010353141651,12.50357267332727,9.923603690836757,19.9902306726722,18.38470280085049,16.07612436524573,12.83785199884406,24.4083467557632,7.776113536066989,27.16529855085713,11.37256465905506,24.72662588654815,10.15448613997555,19.03487526786929,15.95757073809069,16.57496297054245,12.62049910763218,13.75786050223396,9.690178339792803,15.96631639981051,10.91115900806347,19.53792365955996,20.83983048013838,23.76560006895997,6.446664333976373,5.069883677937254,3.803761820864279,17.65647490008993,9.612503435373613,10.44574993116508,7.731870575224716,18.24095541114506,13.79897003916365,15.73572885869852,4.946672401252663,17.25696573120466,9.931242245705249,22.46103873776855,9.365997272216065,5.978226104026094,6.81039601610688,6.13284759187943,14.7834650810522,15.23311207539232,20.91685466017403,19.94389447597693,12.08148616820061,22.33530921254372,9.502993549560561
12.25679226140969,15.76702440710994,21.87149446797179,19.66025413111038,7.27278900492598,0,5.661177015026293,20.47926158472937,4.523041736636559,23.16905309376153,20.44417060158041,19.61101014942435,11.59048244034061,12.82403486931747,17.20146388779478,13.29808099223583,16.13791085776292,25.22943543206423,10.94620985286587,16.32237626670436,6.256848474292316,12.35365902038636,9.863148931512205,24.61272173422665,20.85172129830358,21.89256773021991,13.59116311457042,11.80228617227431,17.46829267479747,8.531552488498511,11.24587945999558,15.04674499320219,7.488849721686899,23.53181870598322,15.08939954532106,6.785588094580761,21.14164361373971,13.30584603694873,17.55159332782763,21.65110974674272,8.717740870862427,17.18639974233185,12.57356849528423,16.75716923181488,20.67357242364567,14.99920013295258,8.53562346044947,4.988572663626664,9.388465545025143,11.59978590675304,25.53137639477763,22.56042302036505,27.86812347518768,14.43748297522255,13.36829231398501,27.15104350323955,25.30562194423105,23.11819076986348,20.05552463653023,26.075609023895,9.158377290896304,29.20394021632108,17.45554775650013,27.463797277696,3.851811592666913,12.88179063631223,23.21987481924317,15.61360240295321,10.96337176546057,10.45692674613889,5.601583083649342,17.1421101723192,3.638400718189404,25.89123275703419,15.13945712154347,24.70927660758385,12.43059572561827,2.925574135577392,3.600492523039987,24.28044823257008,4.580757707596704,9.351034498198677,13.35161661338414,18.31626013804959,7.977532594126387,9.044343840132838,10.12591271215803,15.19872261805584,14.00584061409918,25.04204466693237,15.89850208954693,6.628678700498043,2.57023173466246,13.3513945979452,10.03513705047603,19.51808825941897,16.116701247139,23.8182384004538,19.16118940536639,26.50686751767566,14.72272496619614
12.13216891934756,20.9996599489447,24.48072751719497,17.73288000102585,12.57597221776979,5.661177015026293,0,23.93725016319797,6.996899759678685,23.20779787022952,20.35959843194191,24.84597489904619,12.78951083926776,8.22148904951545,20.2824769212414,18.89704382938872,13.31393987964009,28.44355094890745,15.93997213954794,12.6561341603315,10.87886445123718,8.869244633711968,14.34968067297102,26.96148171836831,25.20457045385693,23.13979877544033,18.85310804430665,17.40546016315011,19.02474173246545,12.03980085091651,16.42835870561649,14.90102015889907,5.163793411211716,27.16913455633044,19.9313600859016,11.97876445305584,23.0214607169391,17.97539488032773,22.08167878007494,25.59045960983992,14.24412726285495,19.46053655500232,10.77558722246052,22.23320937499143,21.34118769604237,19.30939475264647,9.119041330922283,10.58778492635574,14.85504806502065,15.07687803911316,26.96244415740201,21.57907708447041,32.28158473874145,15.75930315806049,15.88698330485962,31.91177597992549,29.73205936848614,27.73423137467872,24.99946905192764,26.09292796783697,11.39408209336534,29.36014712837028,21.33294652499466,28.24375339532546,6.154213972453769,7.466649898383448,28.27316887938584,14.50811142872749,10.25668074868672,8.327918270520739,9.251473205456728,17.51723507566399,2.959004412007012,29.70199782559067,9.960601331070997,24.24302136071668,16.60412394230618,7.558042958760331,9.174705100838965,28.39472432446152,4.172384397837979,13.72100763993619,19.01238555082811,17.69790756644043,3.560860736986691,3.413375192247125,15.78708971513349,13.22170685768794,19.52611366091708,25.82419165562592,21.52200804089337,9.575657342734434,7.759314803244329,18.70732821843493,6.420754011183324,21.94353208497499,11.60545901481728,25.6645983885345,24.6355003037263,28.45631355426996,18.19977388572747
14.91745428341086,11.05229386638354,4.141939807007352,19.93079244381173,14.74288648209159,20.47926158472937,23.93725016319797,0,17.00596875821103,14.51928528203563,14.14246903462701,11.43302110900185,12.44547906999147,24.94921663320291,3.863364621577917,15.28006037495288,21.48104581991141,4.826796625281113,23.69230118056722,23.88248307422471,14.36177502339205,22.17790461753534,11.00325106088502,6.542305089928729,5.014606293847047,9.641064267507723,23.38145572351994,19.50620576717817,8.549472928767909,12.05845933934844,12.02294179914167,14.21757855050964,20.30032755904221,3.299287603864737,8.603237595889096,21.57902716911367,7.014071646686465,26.14549392574125,6.122712158881321,2.932962575866568,19.99335220817801,6.264235806626948,18.52726970831027,13.61824802680621,11.54893130245973,6.490799837240983,15.60148744165433,19.41703281993179,14.49643670060175,8.947072145752299,10.43868045248288,17.87146533721572,9.967660086191804,10.48429746397779,8.417536445451217,11.37280402577234,7.960316645342754,7.698767149942108,8.957930212017732,15.93539432947983,12.66298708247549,17.30574213855038,3.471935715288089,13.95462665022572,24.14079296127107,27.48918977799631,11.11436974107942,16.76487090443501,16.58074911093913,19.38823765771869,24.32736814108117,12.42289002613207,23.67625857141965,5.960776855519732,27.99300374426159,16.99602610454937,8.327453335217694,17.55519833617241,17.97855635016156,5.602241130368334,19.79407167869132,24.9882635464026,17.82455506998759,15.53401591230021,23.03809680136039,25.98118640050935,17.45012328756628,19.0412569584569,21.28705292660303,12.59673225334351,16.11236146086225,14.40367517633461,21.1040559222303,12.4328880384878,22.05109100956227,4.814697452593561,26.28921385956991,7.986559847752835,14.13143085112391,9.189581431470602,5.787687613323019
7.856726726272562,14.67569468127212,17.87523222102275,15.63332465971077,6.88224699510812,4.523041736636559,6.996899759678685,17.00596875821103,0,18.65200684728571,15.9418823229567,18.45064619017862,7.075949207721455,11.15883775349321,13.44268413743858,13.57803337774886,12.70744558964483,21.59884258696566,14.20573590902564,13.47241434375381,4.48088279377962,9.719109204413289,7.563036661818318,20.51147121440143,18.24055394875678,17.44849520767385,16.31045250677102,13.61989683557797,13.06023649271907,5.042902198894919,10.19337618118129,10.59229926805051,5.155942442512961,20.2098087130481,13.22741893308369,10.11246340940136,16.84744463953291,16.80180978738169,15.18336523980286,18.5950283758635,11.11263374815286,13.00232140899272,8.805259973580354,16.34503586713496,16.1584435196837,12.36365436714441,4.130111054371069,7.619741200110942,9.301524610243233,8.09625889810939,21.13914806697593,18.18590078753926,25.31400286250407,9.959766434650639,9.246058600110393,25.05774085172132,22.77179465267526,20.83567624491542,18.30272726766212,21.55617375366181,4.816793776253373,24.6808984915272,14.3370291415263,22.97115691737286,8.29488775059375,12.36137728535496,21.63678567277513,11.38863298513763,6.818469267318661,7.136413386617821,10.02131504680467,12.62163650302954,6.844565123257302,22.72076180324138,14.00430821196974,20.23150422880869,9.648636243183329,2.65448626882207,5.154401262416086,21.39885098136669,3.06978534787646,13.26149875757904,14.45067754513459,13.90731700504211,7.149944189237126,9.56199462843075,11.37254198534077,11.34972736982364,16.06747867994078,20.54475824379139,16.24432777344123,2.602332712615044,6.621442016323203,12.66220747164686,7.901391744287203,15.41914156051313,14.0543871948363,19.5287400454228,18.68639567617394,22.26286121076949,11.23821605609218
11.16410995471786,23.28045465264651,10.83977538480855,8.622295435234062,21.70314218581189,23.16905309376153,23.20779787022952,14.51928528203563,18.65200684728571,0,2.850097250354816,25.09589559635383,11.68075866917011,19.20401865144017,12.51611494172971,25.99527100224331,12.89755509516454,15.11386126705695,31.46114600707847,15.478052350239,19.57737599836507,16.38240190950646,18.43389922887922,10.54454571908025,19.45552390469022,4.955889477332684,32.52971005621593,28.85083881995661,7.476711596231114,16.47128053575718,21.56236819689791,8.333222886589544,18.06749150254855,16.55027436203994,20.42731033210489,27.88608893377597,7.551070713064354,34.17551224592664,19.31442903206721,17.40896006627345,27.72472668485672,9.658603641536839,12.86923420690478,26.03953018263001,3.296999108184147,17.65072551820856,14.71697357852544,25.23895335880539,23.05104812552897,15.05154768463515,6.849958916548142,4.242920921610429,23.67465553816386,9.229623860761974,11.98236202571616,25.67890491778853,22.17137236621143,22.21703510284908,22.97567091893297,2.916701691800323,14.47396336729394,6.153687555378252,15.93360873604115,5.75899449692439,26.84879147695626,22.45985972074916,25.54697779769075,9.053929290493285,12.95416478332876,15.17196277058592,28.63953462253962,6.036776930118447,24.70233182959536,18.72883493035885,21.49937318914145,2.490898244846667,17.04614446989122,20.89093461402634,22.85237939078347,19.63683179725267,19.69090136296614,31.367958369674,28.19958587919088,5.745308448563001,20.40875012718421,23.32429239832331,26.33271294053212,11.20464016178703,31.20665866418942,3.915385870362436,27.8516528206736,17.02351834113771,25.16105962817423,23.36094225484429,17.90569403253495,9.796281493150383,18.5761421599647,7.913642485940687,27.33690354085702,9.67444724063108,14.26296655280786
8.343855810033096,21.80037917565738,10.98867237191066,6.686748075421034,19.413970736846,20.44417060158041,20.35959843194191,14.14246903462701,15.9418823229567,2.850097250354816,0,23.97073836070915,9.085271276931362,16.51028050177581,11.49180693512227,24.12932575358396,10.41715773909114,15.64117365232534,29.06052959137587,13.05011315900402,17.16263744040199,13.64542898383257,16.35885762801401,11.43703778080172,18.858635160906,5.499179172843673,30.29116886566007,26.69830566225336,6.046615443874588,14.12078180914193,19.64359914324894,5.50387032887733,15.21756877925973,16.61679643863602,18.97500623813225,25.37947510609115,7.650565532294702,31.77336105258009,18.23291494540943,17.07533445197699,25.37735921385596,8.478819736263063,10.05582129813056,24.52732388239564,2.82128370035907,16.24451394167744,11.94752838163319,22.73013723047335,20.92767877913239,13.05876297291037,8.579103181851126,3.772235117273295,23.79544643250588,6.935124605451903,10.02156535121217,25.50343676561157,22.04601935889657,21.76289505528173,22.04290101847969,5.740689591570907,11.95146238724258,9.000549277137036,14.9450827811912,8.34384484801364,24.08490445409001,19.74808388317469,24.84694357882587,6.275228962593107,10.10838128274499,12.33376474716124,25.95530144083508,3.462604592867338,21.88413655560655,19.01740066941075,18.91800637642782,4.375454524078488,15.26877827517018,18.25391758753426,20.30320012066175,19.57153704601805,16.87303033206208,28.82277827331567,26.22355911791612,3.023347022566733,17.56608438345135,20.494737250485,24.16530337979506,8.536337483797491,29.10220015981827,6.15748853441602,26.14303660169861,14.44650370143432,22.50086209122845,21.61182630936187,15.09049230024313,9.33286557244241,16.10824718915308,8.906282628680671,26.01134819638341,11.19118441020151,12.77943152920273
21.10987744802644,3.850794412595452,15.55580369159764,28.37993684272996,12.3445882454356,19.61101014942435,24.84597489904619,11.43302110900185,18.45064619017862,25.09589559635383,23.97073836070915,0,18.25494462359272,29.21643365118021,12.58370676352301,7.620858653331661,28.20506976851335,14.5806071776406,16.97941224769308,30.03724051273351,14.06168824029232,27.0882922515913,11.02758241609268,17.88864606856153,6.840659462983384,20.55813234836928,15.29879296841809,12.09040161820601,17.92579530105278,14.19498355099494,8.418594715690725,21.86940736056536,23.37800149927869,11.71622113938946,5.606613937655085,16.90151369549098,18.03463606304327,18.7251988665214,5.781466984170371,9.399378244410791,14.28805919138295,15.52735422543668,24.37606840368811,3.890069025348484,21.85280610110797,7.924890952365937,19.64541723089548,15.96022795795715,10.33046544512541,12.50674771174102,21.85898108883992,27.70728221957664,10.75480281963746,18.06508166796521,14.73804801048902,8.64694094337316,8.725040115018952,6.238009204987878,2.646199092699463,26.95910113994689,16.5108363529494,28.63804296359831,9.170234506134484,25.34712098251657,22.15625575860147,30.79007962162766,3.97142062347385,24.27869297014489,21.94953631431574,24.08738835688768,20.84890893862161,21.25392963362104,23.24716841032497,12.19663548024847,32.22146861233152,27.57246702418818,9.928703334797534,17.28796315820022,16.0673415068796,9.697415247942272,21.47612285030857,19.3918330156293,9.634233043320767,24.36037025002903,25.59961324749696,27.87026173538986,11.32080909318437,25.93881015714663,12.76937630732643,23.81785860624657,6.564952472036339,16.44868146460935,18.78061326297485,6.310477482744052,25.92381836008988,15.47782115958917,31.60110924099594,19.39551390979511,2.926206595676613,20.52575804372419,11.33524365572611
2.863095849284166,15.14323251502271,11.9794468054076,10.65675590829766,10.64426623600609,11.59048244034061,12.78951083926776,12.44547906999147,7.075949207721455,11.68075866917011,9.085271276931362,18.25494462359272,0,12.50468963606925,8.583703019539845,16.22939591349646,9.971704626516118,16.36760874758889,20.05284622547647,11.98934896207624,8.206091851016794,9.77199359293513,8.28360427418497,14.26734222287223,15.42377967375486,10.47457741386526,21.48736030684281,18.07829893899614,6.237946483113836,5.387630451768191,11.80563752931486,4.29934670757642,8.256404406312337,15.72877396141924,12.6714986121738,16.30308917389169,10.23784847533462,22.75845483690459,13.27664355374075,14.81754392433669,16.44508738022277,6.909817995202095,6.346557666538311,17.59914105016632,9.083342847032032,10.49702161204214,3.673731131070956,13.65505029891466,12.48574311992185,5.759577037668304,14.24721137615739,11.85005057045331,22.06013743603806,2.985923685108963,4.124786472439664,22.66764839691294,19.71112533586376,18.40322653481989,17.10592502716768,14.55890053727032,2.913851881856232,17.63543969023116,10.96558124233279,15.90715766887409,15.36624918915862,15.09920827841716,20.40016796064418,6.247198516920731,4.164051975741126,6.942794703568527,16.980184825553,5.656220004793449,13.59944222594957,18.40310523459101,15.55545185214946,13.45163799615685,8.355568531890615,9.211481881822742,11.21838650521027,17.75236493640889,8.75207919581424,19.7375310144688,17.99112487436821,7.600425874192798,11.02045392461461,14.08481809011086,15.55288543280918,7.684501709507933,20.54613459909033,13.47717481245746,18.58963828489136,5.361529631502698,13.4877256531239,14.15239488461881,9.654758519998964,9.394167330235014,14.04271647009423,12.8751231068807,19.55467868562414,15.66791301126138,7.625032898965082
10.20576609698838,25.56758830497956,24.09712970872118,11.68288720419076,18.03618372765907,12.82403486931747,8.22148904951545,24.94921663320291,11.15883775349321,19.20401865144017,16.51028050177581,29.21643365118021,12.50468963606925,0,21.0882765621974,24.73297852810152,6.733264216881604,28.70876109324236,23.72566415361145,4.995660488659994,15.59886788264203,2.9592942783227,18.19435930111976,25.96470868814458,27.6682323681613,20.85871798273138,26.41227285742502,24.34292014986234,17.74342306015492,15.0444723525349,21.22687632290862,12.00602157317516,6.002899208506966,28.22770448609608,23.72866419675544,19.59736797753014,21.68260221578639,25.95106550795564,25.10618593020531,27.28148396867559,21.44048195837729,19.16552699699255,6.84893218589643,27.43121397101496,18.43498388798587,22.2017978998778,9.768102444343157,17.6897192044182,20.45783678529101,17.31197949972163,24.5961189024941,16.35371343324567,34.48511717163588,14.78234505096189,16.58958326191892,34.85615341362131,32.07703971180839,30.55978229704624,28.66549878119332,21.81097719415894,13.00665465237674,25.04838562682325,23.28472812611773,24.85408626859701,14.34046547698676,3.270606667709786,32.03644464225162,10.27566569510649,8.384232437070464,5.565500665457907,17.38824890472659,14.78715914942486,11.13869163414596,30.90438236989991,3.080111136470137,19.45975862780963,19.61337116248425,13.27784953160005,15.63272991622907,30.21787066537727,8.631387624163482,21.77441793639286,25.47509958655297,13.49332924832895,4.902366456583899,5.827704853592873,22.30604487946981,7.999565468198318,26.67745166642126,22.62020740142736,27.40151007291656,12.78587806093613,15.32286940750923,23.7332654747791,3.302190713381647,21.54522421279882,3.387692515925889,24.0172550210997,29.73281732082235,26.74353198177647,19.89847699273467
11.09791547224868,10.96654369250852,4.894597952653715,16.66660547592413,12.24733816772773,17.20146388779478,20.2824769212414,3.863364621577917,13.44268413743858,12.51611494172971,11.49180693512227,12.58370676352301,8.583703019539845,21.0882765621974,0,14.38630389274691,17.80345030603338,8.164231613942722,21.79645413773661,20.14310920881832,11.33583475197102,18.32828884993877,8.386204994633291,7.794264057591935,7.563681537387781,8.152412604117172,21.98309534248487,18.09568852637909,5.483200638352042,8.671673405838073,10.38907340411306,10.61907007310161,16.48120640598218,7.155924885172553,8.13837580995621,19.17045230047382,5.863132761890563,24.38963155478413,6.803967210913529,6.370393421999271,17.98465367572173,3.02237691549838,14.71388507561798,13.72535235032079,9.269982464957733,5.394591388913144,11.76981434064582,16.80007874514847,12.56957970349215,5.627022959102579,10.33769088481862,15.2604349046483,13.6294304033384,6.768408911243672,4.568327480025484,14.63873300542487,11.41860553736494,10.57175912824402,10.55533395819627,14.50219473221051,8.918837153828266,16.52041896556965,3.456827662394366,13.49630227681601,20.96687297976356,23.63060565415297,13.39512066890447,13.18177666057409,12.72580492930583,15.52608053743796,21.48415503949004,9.177884206644066,20.22270327082899,9.823851619053782,24.13533395784524,14.989411003997,5.943713463802445,14.28694929157152,15.05966038356609,9.268779558315146,16.11685837377801,22.68937608781708,16.83254494035632,12.35261623613193,19.23102396945311,22.20208294861823,15.78460946897941,15.36635947992626,20.16704659024956,11.60871586722603,15.81846623184741,10.85771413684465,18.11433092212636,11.55337600927758,18.19058218898006,3.28919412781497,22.4794780559559,7.981763812401081,14.85455006820691,10.14747730671935,2.747345381732761
18.77857282481167,4.713009153720371,18.81489433912906,26.88290445275845,6.696848060404188,13.29808099223583,18.89704382938872,15.28006037495288,13.57803337774886,25.99527100224331,24.12932575358396,7.620858653331661,16.22939591349646,24.73297852810152,14.38630389274691,0,25.39685308895757,19.63770441278124,9.450926001223666,26.68870767088946,9.223776505206811,23.16847106888462,7.962729237767355,21.61844513493079,12.39834667712218,22.32179830725268,8.278009151632101,4.627015970227297,18.53487992800752,10.97688850494599,4.499564625722015,20.45882523945708,18.73171958504748,16.96528852560717,6.6778089156921,9.399696385658064,20.22771816701838,11.44515016360693,9.420109198917681,14.50811653726276,6.696000848658167,16.61113051202409,21.34914573185555,3.889257732235243,22.72939860773954,9.08806849134074,16.15595195323687,8.898460995243529,4.276756616372972,11.082528759047,24.71427727670855,27.55118610923706,18.05218432112257,17.30664558379331,14.10861744095657,16.23036905001493,15.74945559601754,13.19393433764304,9.332637396795674,28.41285251546271,13.63991202957743,30.7595110158524,11.93209565287328,27.8592184310506,15.17136672574524,25.65770824567343,11.59226067393312,22.44427611197846,18.92815123617018,20.34408291513166,13.47452854450277,20.85178892464616,16.80553255603441,18.32002624816258,27.52409746485595,28.29726463805691,8.955025135822151,11.63295395811683,9.724373667266896,15.97160919831291,16.26629975301959,11.77150678698761,2.547497580634039,23.56040804942407,20.43733986555231,22.18702872048043,3.777755043283,23.46747297501954,6.022092495321901,25.8603599271039,2.673578360409247,12.41337507580467,11.90395827178422,2.869177676445345,21.47821063407472,17.67548233346248,27.59444570901285,22.3187032125261,6.14742495683379,24.19818519478752,11.96028177185772
7.108609453602059,24.97176084472862,19.67808979395933,4.950127150861477,19.01424436400722,16.13791085776292,13.31393987964009,21.48104581991141,12.70744558964483,12.89755509516454,10.41715773909114,28.20506976851335,9.971704626516118,6.733264216881604,17.80345030603338,25.39685308895757,0,24.47721697078414,26.81524432449777,2.651944955673519,16.35141467020518,4.538331659960636,17.76382785455184,21.02769309307218,25.13875179973726,15.40336253605942,29.0175768019057,26.22100656558611,13.26367928611799,14.52341866283734,21.22626391169208,7.291948151251731,8.763705809059507,24.58656687467184,22.60612552802139,22.65482629583131,16.78009215155775,29.33068213286054,23.2155763977998,24.17096965446725,23.81981675208691,15.25487195124038,4.052301791106665,27.29234720556457,12.76105957228131,20.46556719935739,9.26618287538993,20.28055494833547,21.27084540631239,15.69859689717626,18.90216170815251,9.69291948380892,31.41539227837693,11.03511933674565,13.85754457668862,32.35719484011957,29.2173772734639,28.15657363747799,27.06872175459709,15.32439525215298,11.91423364149409,18.50236654063089,20.68031178944566,18.64625371400219,18.80096018220544,9.965188566104372,30.34378426445685,4.830413932902013,6.474387928162956,5.692754059429896,21.52027582083543,9.628602254249031,15.81542363954318,27.23505184254381,8.640290832189679,12.86080199191125,18.28044100145636,15.33473884898222,17.85351032443739,27.04388365979382,11.57504358383757,25.48713489211073,26.74328027179742,7.448103472761291,9.802064601809835,12.00772228012764,23.85445495802423,2.44008002293642,28.69681969095137,16.56426763684563,27.93736239222173,13.04724033898379,18.68268328133685,23.70036367842713,6.903542548780655,17.31216867304145,5.693319138298057,18.77039641556573,29.36578013800961,21.33473470351007,17.45823470339526
18.50979985175837,15.13821609113693,4.812599841641322,22.08427633680388,19.56318990768846,25.22943543206423,28.44355094890745,4.826796625281113,21.59884258696566,15.11386126705695,15.64117365232534,14.5806071776406,16.36760874758889,28.70876109324236,8.164231613942722,19.63770441278124,24.47721697078414,0,28.36095475869344,27.02319923628315,19.1618530982806,25.83159240475014,15.82963348185378,4.734838085261627,7.760223285910517,10.27730206506699,27.86124879055359,24.0270076042128,11.22280666702927,16.74517598481651,16.71629557367459,17.23041941436469,24.50818301293728,2.864396728116369,13.01764607964182,26.37666397282454,8.012188898982853,30.75418268640682,10.2247554575183,5.265464727124802,24.71277631652102,9.543507388189097,22.02199112853463,17.4559372258248,12.82482650311366,11.21259662618258,19.78961342682213,24.239596982737,19.23188694057725,13.64172646835123,9.204821764192959,19.06651515481704,8.817872303206345,13.93266098330245,12.6209465652685,11.35207360659502,7.968326492356405,9.169855236960263,11.93624971697169,15.66568570812328,17.06390554382621,16.10953816332327,8.224056455821861,12.64624856491248,28.92565786096531,31.44765226751104,12.99339156903975,19.64897653571521,20.34814752257825,23.21932860661963,29.15367337000037,14.91889997442692,28.34964102497167,3.792398560349775,31.68335899661319,17.39967866546978,13.15423997957056,22.30396540611069,22.79776822734969,5.577048324375934,24.27533819636798,29.75946645830481,22.18007309446112,17.73047362851413,27.27450431015836,30.2841070036859,22.08581588318134,22.08076893057587,25.65676374495324,12.11633296486816,20.11934630806567,19.00657546320001,25.91882949311927,16.85802569739785,26.01033499709522,7.212760221708332,29.67114727340505,7.278077998587698,17.47577160285409,6.854163599208404,10.50688598141512
21.74443772032999,14.09131042817273,26.63010995371538,29.79129857579201,9.857896302284326,10.94620985286587,15.93997213954794,23.69230118056722,14.20573590902564,31.46114600707847,29.06052959137587,16.97941224769308,20.05284622547647,23.72566415361145,21.79645413773661,9.450926001223666,26.81524432449777,28.36095475869344,0,27.21804403560332,11.89907032786548,23.26492137851824,13.55929116378725,29.53434639403019,21.60873848036006,28.81678779812541,3.233676626259848,4.890645700841225,24.49618576202776,14.99046770568871,11.66944620760772,24.21314111959032,18.37902320092778,25.87652506443888,15.46170175398905,4.181621151098883,27.22603688489133,2.714584860176403,18.3931763155231,23.48285170705972,3.832515110389263,23.20896903701006,22.99858079058955,13.10807660671956,28.45191306445293,17.2016479955696,18.17485822549781,6.593876917125471,9.255405455482709,16.87947986282597,31.86774821245444,31.87249044931496,27.50247607096853,22.2319043347684,19.78030122160444,25.62520407273267,25.18097999391275,22.63096903863639,18.78137974234539,34.21196478486098,17.14332813129538,37.01227273787627,20.22053788623015,34.57881833151615,10.11761180150775,23.40648802006548,20.92778310610383,25.44462551216585,20.99154574756339,21.13738365095078,7.132661312754119,25.5979279493157,13.05727188515003,27.50683986303357,25.85652758632532,33.43426688583005,15.85303468424519,11.55154569453316,9.094526414606987,25.24992366327401,15.45410666725131,3.093068321118461,7.394186799458677,27.58219077078682,18.83529862173677,19.27894774546465,6.287876629301919,25.55545169373113,5.152359216905586,32.31891441124916,10.69997948881652,14.79751097165859,8.406834359533613,11.77504932999231,20.97847340199258,24.92511554850894,27.04807699149054,29.66832592645736,14.97501687409686,31.94388926576748,19.06768652422354
9.173068876213906,26.66122384230831,22.23751552930024,7.211291782019224,20.12911564553885,16.32237626670436,12.6561341603315,23.88248307422471,13.47241434375381,15.478052350239,13.05011315900402,30.03724051273351,11.98934896207624,4.995660488659994,20.14310920881832,26.68870767088946,2.651944955673519,27.02319923628315,27.21804403560332,0,17.49798563433862,3.974036346417324,19.32548450929484,23.65126483642274,27.35267455878429,18.05256391269339,29.62969563796906,27.0916043548095,15.80040327935443,16.05313243676609,22.69653239200306,9.795449085328661,8.841791855256751,27.03439420301089,24.43187789195873,23.03647264968814,19.39138909996524,29.62760571472597,25.25803384626293,26.51118646518167,24.48096132913349,17.70417046927675,5.676256626852838,28.85798143178477,15.41299918271668,22.44444987649834,10.59496418682194,20.82092494348171,22.47227407090696,17.5841404587201,21.55188028840972,12.08253450155494,33.77253194362955,13.39944231859016,16.01981617068136,34.59253453604605,31.52335541253556,30.35442886420222,29.05688359323072,17.82234636389454,13.55537149884587,20.95183101125646,22.88485979281625,21.23532487193986,18.53179529879995,7.985586757897758,32.37308702934836,7.419360143629398,8.087764201026079,6.374477139605749,21.43061334475466,12.23728373112316,15.40318683337307,29.69628861217406,6.251618585679878,15.2933088855635,20.12212669033688,15.99047370781449,18.49934169337118,29.40893410591558,11.76642629431669,25.61645662181574,27.83788583235904,10.0953496788868,9.103029331819201,10.73926127091353,24.82522661911643,4.947423600288813,29.53215315332316,19.1865169363383,29.29030368482113,14.27845814680637,18.89246002441921,25.20537288033919,6.394354507722117,19.833061979082,3.111211550957381,21.41348988185685,31.01419838553865,23.98554096530645,19.59299418791004
10.21966228260808,10.24955725469656,16.17006387103311,18.43861063689296,2.663622035585758,6.256848474292316,10.87886445123718,14.36177502339205,4.48088279377962,19.57737599836507,17.16263744040199,14.06168824029232,8.206091851016794,15.59886788264203,11.33583475197102,9.223776505206811,16.35141467020518,19.1618530982806,11.89907032786548,17.49798563433862,0,13.94493905469473,3.612700771662873,19.01580182147712,14.61434672370282,17.23963673945819,13.29976706819291,10.03650809023894,12.81509426145616,3.15310842109206,5.725510781508937,12.45246723830255,9.605836101062545,17.33566131017799,9.058424441309032,8.387017695425383,15.99082832141856,14.61286317189035,11.35129787829562,15.40472341199405,8.24101101762597,11.91468954062978,12.3045519506857,11.86458718653353,16.62656840210837,8.745007588633687,7.094657483922793,5.783580775704897,4.976156833622237,5.742852356432945,20.57997484105099,20.05611352675106,21.65517746516127,10.35017420182947,8.197518717727803,21.08325914578024,19.09228897942533,16.96704424838341,14.12107306576915,22.35696448641641,5.29524578941145,25.23453815846785,11.23491081504155,22.99364170071172,9.788236093805915,16.82589821075198,17.39912215230659,13.98272787060283,9.960019585443352,11.13523815463985,10.16058493146599,13.70011817554226,9.744978658803788,19.65344364314059,18.47789474933903,21.53563402489652,6.1851287519592,3.445825780983342,3.736948804688539,18.0238878058368,7.432689471083671,11.93283628821139,10.39252525712088,15.79578516515293,11.59676895374327,13.81241046868842,7.571963475076909,14.60124874783082,12.52741662434467,20.65862409598459,11.86553860673056,3.316504286167549,6.784488248971734,8.181837735564274,12.31464107887358,14.01439789407979,18.38242477244847,18.5964953669297,14.20663702885684,21.13864996056069,8.70404305795563
7.324591260036957,23.55004526258971,21.18723083015956,9.318191847922082,16.52010501920871,12.35365902038636,8.869244633711968,22.17790461753534,9.719109204413289,16.38240190950646,13.64542898383257,27.0882922515913,9.77199359293513,2.9592942783227,18.32828884993877,23.16847106888462,4.538331659960636,25.83159240475014,23.26492137851824,3.974036346417324,13.94493905469473,0,16.14979909877468,23.01672105923157,25.10738065184908,17.90341819419517,25.72230824990558,23.29209309794793,14.80872845349008,12.90881128126948,19.37486262426168,9.046769880539426,4.887625918411723,25.43878668132293,21.52630803873896,19.08438910454048,18.73152453953726,25.6594978061939,22.69266669678999,24.58939913669231,20.60018623808936,16.29564286442934,3.892514751263016,25.58577801525867,15.49755619330591,19.80664114883351,7.445397806191573,16.91110267655704,18.90847753831621,14.8909748419137,21.64965838047353,13.76434487842942,31.82708953889245,11.8991663349572,13.89195602561587,32.3320270462735,29.45796378785292,28.04339847986741,26.35678801354522,19.05351267047964,10.63812121221715,22.3149614482862,20.67992650526394,21.98387636342398,14.6048436969476,6.115175638661555,29.71719146834744,7.379618439673089,5.608826491125213,3.008478743472153,17.47139238906585,11.83043396192709,11.5129630449213,28.11862208052409,5.851847968229792,16.78768667985023,17.30422479692561,12.14920434230539,14.63632198321359,27.52435746659236,7.811256446250456,21.6424886162507,24.16461695214281,10.64477919572638,5.318324218637136,7.495385428875799,21.08858683734265,5.22924119527389,25.70896890190875,19.72225417529553,25.80760700017159,10.8641984613236,14.92317056695542,21.89592113678059,2.470431670766452,18.64752177181756,4.516343633837025,21.05818253544427,27.82181051424615,23.78455332083755,17.30261776396316
